EigenValues:
10.230477 4.440497+5.022073i 4.440497-5.022073i 2.888529 

Matrix Q:
          -1 -4.66301e-07  -6.4208e-07  2.36538e-19 
 7.77584e-07    -0.737248    -0.675622  2.26866e-13 
 1.58329e-07     0.675622    -0.737248  1.02355e-13 
 -4.3925e-20 -9.81034e-14 -2.28737e-13           -1 

Matrix R:
    -10.2305     0.503606     -1.81457     0.934226 
 1.77797e-22     -7.13454     -1.51376     -2.62807 
 1.62935e-22  1.33227e-15     -6.29883       7.6026 
-5.47118e-35 -2.53909e-28            0     -2.88853 

Iterations: 34

